Executando Query 1...
+----------+----------+--------+-------------+-----------+---------------+-----------------+----------+------------+
|segment_id|feminicide|homicide|felony_murder|bodily_harm|theft_cellphone|robbery_cellphone|theft_auto|robbery_auto|
+----------+----------+--------+-------------+-----------+---------------+-----------------+----------+------------+
|2191      |0         |0       |0            |0          |0              |20               |0         |10          |
|2192      |0         |0       |0            |0          |20             |30               |0         |10          |
|2193      |0         |0       |0            |0          |20             |70               |40        |60          |
|2194      |0         |0       |0            |0          |10             |20               |10        |10          |
|67083     |0         |0       |0            |0          |0              |0                |10        |10          |
|67084     |0         |0       |0            |0          |0              |40               |0         |50          |
|67085     |0         |0       |0            |0          |0              |10               |0         |0           |
|67086     |0         |0       |0            |0          |0              |0                |10        |0           |
|67087     |0         |0       |0            |0          |0              |10               |0         |0           |
|67089     |0         |0       |0            |0          |0              |20               |0         |10          |
|67090     |0         |0       |0            |0          |0              |10               |0         |0           |
|67091     |0         |0       |0            |0          |0              |20               |0         |10          |
|67092     |0         |0       |0            |0          |20             |10               |0         |0           |
|67093     |0         |0       |0            |0          |0              |10               |30        |10          |
|67094     |0         |0       |0            |0          |0              |20               |0         |30          |
|67095     |0         |0       |0            |0          |0              |0                |20        |0           |
|67096     |0         |0       |0            |0          |0              |10               |0         |10          |
|67099     |0         |0       |0            |0          |0              |0                |10        |10          |
|67100     |0         |0       |0            |0          |0              |10               |0         |0           |
|67102     |0         |0       |0            |0          |0              |10               |0         |20          |
+----------+----------+--------+-------------+-----------+---------------+-----------------+----------+------------+
only showing top 20 rows
Query 1 executada em 213.76 segundos.


Executando Query 2...
+----------+----------+--------+-------------+-----------+---------------+-----------------+----------+------------+
|segment_id|feminicide|homicide|felony_murder|bodily_harm|theft_cellphone|robbery_cellphone|theft_auto|robbery_auto|
+----------+----------+--------+-------------+-----------+---------------+-----------------+----------+------------+
|2191      |0         |0       |0            |0          |0              |50               |10        |40          |
|2192      |0         |10      |0            |0          |70             |270              |20        |350         |
|2193      |0         |10      |0            |0          |40             |200              |100       |160         |
|2194      |0         |0       |0            |0          |40             |160              |10        |80          |
|67083     |0         |0       |0            |0          |0              |50               |50        |90          |
|67084     |0         |0       |0            |0          |10             |70               |10        |70          |
|67085     |0         |0       |0            |0          |0              |30               |10        |70          |
|67086     |0         |0       |0            |0          |10             |30               |50        |20          |
|67087     |0         |0       |0            |0          |0              |20               |10        |20          |
|67088     |0         |0       |0            |0          |0              |40               |0         |30          |
|67089     |0         |0       |0            |0          |0              |40               |0         |10          |
|67090     |0         |0       |0            |0          |0              |20               |20        |40          |
|67091     |0         |0       |0            |0          |0              |20               |10        |40          |
|67092     |0         |0       |0            |0          |30             |20               |0         |20          |
|67093     |0         |0       |0            |0          |0              |10               |30        |10          |
|67094     |0         |0       |0            |0          |0              |20               |20        |30          |
|67095     |0         |0       |0            |0          |0              |50               |50        |70          |
|67096     |0         |0       |0            |0          |0              |40               |0         |40          |
|67097     |0         |10      |0            |0          |0              |30               |30        |50          |
|67098     |0         |10      |0            |0          |10             |20               |10        |20          |
+----------+----------+--------+-------------+-----------+---------------+-----------------+----------+------------+
only showing top 20 rows
Query 2 executada em 777.50 segundos.


Executando Query 3...
+-----------------+------------+
|robbery_cellphone|robbery_auto|
+-----------------+------------+
|6450             |215         |
+-----------------+------------+

Query 3 executada em 262.95 segundos.


Executando Query 4...
+----------+--------+-------------+-----------+---------------+-----------------+----------+------------+
|feminicide|homicide|felony_murder|bodily_harm|theft_cellphone|robbery_cellphone|theft_auto|robbery_auto|
+----------+--------+-------------+-----------+---------------+-----------------+----------+------------+
|0         |1625    |160          |0          |210770         |177610           |80885     |74665       |
+----------+--------+-------------+-----------+---------------+-----------------+----------+------------+

Query 4 executada em 3.27 segundos.


Executando Query 5...
+-----------------+------------+
|robbery_cellphone|robbery_auto|
+-----------------+------------+
|609435           |171480      |
+-----------------+------------+

Query 5 executada em 1.45 segundos.


Executando Query 6...
+----------+------------+
|segment_id|total_crimes|
+----------+------------+
|34854     |24          |
|224811    |12          |
|128172    |8           |
|65895     |8           |
|208851    |8           |
|168703    |8           |
|173441    |8           |
|72536     |8           |
|206535    |8           |
|224633    |8           |
+----------+------------+

Query 6 executada em 2.42 segundos.


Executando Query 7...
+----------+------------+
|segment_id|total_crimes|
+----------+------------+
+----------+------------+

Query 7 executada em 0.27 segundos.